mean:358.987012987
median:266.5
standardDeviation:370.376887498
